-1.394433795449689342e+03 -7.432102965133673251e+02 -6.788327556276419728e+02 -4.919308996340272984e+02
-4.035852764310641874e+02 -2.590429969266771877e+03 -3.501095983167692225e+02 -6.061862411616110649e+02
-1.342860740841479128e+03 -1.964739870315830331e+03 -9.512495549042306493e+02 -1.304393376541018370e+03
-3.599342229602117413e+02 -3.350332138235120851e+02 -2.899944988446109164e+02 -3.008420569758039846e+02
-1.980165821891916039e+03 -3.945581189897001195e+02 -1.471970914619378846e+03 -1.578477179375856622e+03
-5.384697844498241466e+02 -2.896950915229901966e+03 -1.906789903149261590e+03 -1.946075090518877914e+03
-2.360748298374160186e+03 -3.365517986268938785e+03 -3.098015483513362597e+03 -3.167462321283427627e+03
-5.274791428783941001e+02 -3.008009024264002846e+02 -1.332218989670361225e+03 -1.284322015609187929e+03
-1.136844256567715547e+03 -3.001515631752573086e+02 -4.735700756136961900e+02 -4.278231663659387891e+02
-5.512573085063065719e+02 -2.397120330236381960e+03 -5.638308601127528163e+02 -4.053024359198807929e+02
-1.978294673727384634e+03 -2.091192021900372765e+03 -1.033509348534352966e+03 -1.687762281896030800e+03
-3.882376945222672475e+02 -4.239931392792580027e+02 -4.191333882150605632e+02 -4.163545738643309164e+02
-1.266479011049192195e+03 -4.488735047230978239e+02 -2.102388753713983988e+03 -2.377187619562287637e+03
-4.659154368748164643e+02 -3.112407586044796972e+03 -2.151078007303769937e+03 -2.446819985980847378e+03
-2.242464589191304640e+03 -3.163517234375261523e+03 -3.281072970121977960e+03 -3.466969635407881924e+03
-4.040378196538365501e+02 -8.084779290061577512e+02 -2.560806986980242527e+03 -2.312259970788305509e+03
-2.382959825361765070e+03 -6.639560606877676037e+02 -6.623817011561509389e+02 -3.392077084077246809e+02
-2.995776547708505291e+02 -2.427256378493442298e+03 -4.143343861151472538e+02 -4.803443435801459032e+02
-2.298214488060389158e+03 -2.261384488847235843e+03 -2.015115873078778804e+03 -1.047618932393112345e+03
-2.372041449126782027e+02 -3.836588125349512666e+02 -3.202832156220073898e+02 -3.474187319550571829e+02
-2.799692193430557836e+03 -1.065269135185111963e+03 -2.413657511904042167e+03 -2.450954290008833595e+03
-4.793359923556787976e+02 -2.319670979666662333e+03 -2.293897828498514173e+03 -2.048767119649463439e+03
-2.201694569471255363e+03 -3.242668396170698998e+03 -3.366556467110402536e+03 -3.342735600268494636e+03
-2.370369712881754367e+02 -5.639538015433741975e+02 -2.473435772799211918e+03 -2.534618955435857515e+03
-2.701931004182059496e+03 -4.391589728864753397e+02 -5.544164970011397600e+02 -3.954331324131599104e+02
-6.159782537375992888e+02 -2.487453792421068101e+03 -4.003307706302271072e+02 -5.274570640039111140e+02
-2.365513581653166511e+03 -2.011441398645647041e+03 -1.147882636300985723e+03 -1.419830415607460054e+03
-3.726380302238279114e+02 -3.484664655982344357e+02 -3.082540941229394775e+02 -3.525584014766491237e+02
-2.582847880379335948e+03 -6.872134409189657163e+02 -1.514743608179992407e+03 -1.877992513708092702e+03
-1.069969933991396147e+03 -1.950968562547735928e+03 -1.512142854661173715e+03 -1.864245849987356451e+03
-3.278344021987322321e+03 -2.856957949866976833e+03 -3.406598137787448650e+03 -3.367141111283294777e+03
-3.206750718006427974e+02 -7.340861413685446450e+02 -1.260697865281826580e+03 -1.373943484895613210e+03
-1.151654920973807521e+03 -3.648767311509772640e+02 -4.784755129018667503e+02 -5.615723080275452048e+02
-4.128636059389262982e+02 -2.203216844286829200e+03 -5.215121644921011921e+02 -4.878574590817457874e+02
-1.134703960055353264e+03 -1.122036370977225033e+03 -1.108189723588608103e+03 -8.259466969822054807e+02
-4.263145123053120074e+02 -4.849213871393403679e+02 -4.702144902010813894e+02 -4.761588772344127847e+02
-1.329025493716397932e+03 -5.848114018360829505e+02 -1.670226721935305250e+03 -1.282729420165924694e+03
-7.738831826419464051e+02 -1.855083397119535221e+03 -1.465777469879663386e+03 -1.426605326675322431e+03
-2.297561971652339253e+03 -2.461708378953481315e+03 -2.303633080028074801e+03 -2.125811727626852644e+03
-5.660609478544474769e+02 -8.559960560694465812e+02 -1.994913546490589852e+03 -2.092788365584476651e+03
-1.477585526209063573e+03 -4.662960696944794563e+02 -3.344873520714920119e+02 -5.574276999583491232e+01
-3.450745504551276213e+02 -2.521920533996523318e+03 -1.440509324896473515e+02 -2.659336275772133718e+02
-1.801478699232530971e+03 -2.444153373163615925e+03 -1.019627044308769314e+03 -6.285429904267701886e+02
-3.519673169382300557e+02 -3.707896323760673454e+02 -6.843600475795501836e+01 -2.043008536397176442e+02
-2.559309104333819960e+03 -6.465623910710363589e+02 -1.577774084542778382e+03 -2.119666111288989214e+03
-4.582033077909046597e+02 -2.671519683250679009e+03 -1.689511742041503339e+03 -1.836129203704251040e+03
-1.178629981825643881e+03 -2.997241698988919325e+03 -3.049411600989796170e+03 -3.109712681945989971e+03
-1.135885154216363389e+03 -5.891167969318080395e+02 -1.747384034123956553e+03 -1.656231763251574421e+03
-2.195631579231750948e+03 -3.684443724503625504e+02 -2.564869806011792548e+02 -3.195546206160630618e+02
-4.460514542966103022e+02 -2.254575453191597262e+03 -3.730478235514245853e+02 -4.401141453242632338e+02
-1.500889969834300018e+03 -1.854777060749773227e+03 -1.366298841703640164e+03 -8.127261076088760774e+02
-3.091220169370487838e+02 -3.450003718959137018e+02 -1.884074067099859349e+02 -2.488176190585998597e+02
-2.686386653350627057e+03 -3.429890777974937350e+02 -1.891790096790610278e+03 -2.126061469185464830e+03
-6.014533463623735088e+02 -1.281015913177718176e+03 -1.494443812680105793e+03 -1.783067068188363010e+03
-3.002789157450321909e+03 -2.087083584636518026e+03 -3.153219935507087030e+03 -3.002151306693561764e+03
-6.582514563232235787e+02 -3.407956988537645771e+02 -1.388489709683807632e+03 -1.382351409787877174e+03
-1.790752585025603366e+03 -2.863430239292089254e+02 -4.630006228243001942e+02 -4.625746886989705331e+02
-5.306082119467197344e+02 -2.400352485228909700e+03 -4.681555261737046862e+02 -5.845769986922380212e+02
-1.962589096822106512e+03 -1.994329611868897473e+03 -1.734855381622770665e+03 -1.230315433903165740e+03
-4.222039477019652054e+02 -4.759695223329146643e+02 -4.219245398406467302e+02 -3.547028109720727684e+02
-1.664518872415355418e+03 -8.147699531210204213e+02 -2.182130554891834436e+03 -2.090516560184687023e+03
-4.389346989497202003e+02 -2.722329716679912053e+03 -1.696585570531219219e+03 -2.312212453701857157e+03
-2.010194049882220270e+03 -3.081416032919607915e+03 -3.239866877605279569e+03 -3.303596531713676086e+03
-3.274717314699505550e+02 -7.514411877336397083e+02 -2.140599177685987343e+03 -1.996461601141890696e+03
-2.628821317260762044e+03 -3.979823575250725867e+02 -5.888796089261029465e+02 -7.492051860438089079e+02
-3.321670410747110509e+02 -2.980874054608989354e+03 -5.847738061604587756e+02 -5.397859279122591261e+02
-2.090851792249902246e+03 -2.803524685645189948e+03 -1.740399067901073977e+03 -1.107175907749726093e+03
-3.054101071957135787e+02 -4.220669196368603480e+02 -4.263799216408390294e+02 -4.123665211324270672e+02
-2.346179924921530983e+03 -1.811459151773575286e+03 -2.322318940415406814e+03 -2.084634771069087947e+03
-6.837477288250348693e+02 -2.686489735145050417e+03 -2.101184967037405386e+03 -2.183393850435570130e+03
-1.913977869944699250e+03 -3.217039185101129533e+03 -3.335508514811600890e+03 -3.290693334996350586e+03
-3.008649559749957234e+02 -9.477463547969579167e+02 -2.264296449840462174e+03 -2.279233422743121992e+03
-2.144456749017079801e+03 -3.031511894426499225e+02 -5.899814931758818375e+02 -5.623897275529118360e+02
-3.429996591822186360e+02 -2.912603420069197000e+03 -4.367101655676227665e+02 -4.705576620124903116e+02
-2.171118376771736166e+03 -2.348333393816467833e+03 -1.148936905913395321e+03 -1.293725048052719330e+03
-3.388634781715625763e+02 -3.391028780560960172e+02 -3.042856891686413974e+02 -2.331911147526317336e+02
-2.195141320476311648e+03 -5.513651692334866539e+02 -1.694572184146779136e+03 -1.698871696636334036e+03
-3.971516650309470151e+02 -3.256428282486926037e+03 -1.674942761396218884e+03 -2.002232081145818711e+03
-2.438661853034279829e+03 -3.203995232759401915e+03 -3.334434775981800158e+03 -3.513842780923032024e+03
-5.438229037654573403e+02 -9.924807691761104707e+02 -1.961099352145854027e+03 -1.337547865647921981e+03
-1.822567464851488467e+03 -2.389500791603363439e+01 -4.460492147694465643e+02 -4.930861277947735744e+02
-4.298245876625771302e+02 -2.520203474631141944e+03 -5.705463253421658010e+02 -5.264900872210953366e+02
-1.587790664327694913e+03 -2.127356858635477693e+03 -1.134369710648014006e+03 -1.301774481933879088e+03
-4.467413726475493831e+02 -9.171285810063923805e+01 -3.694108887316142500e+02 -3.755743653449601425e+02
-1.810303142572176057e+03 -1.810736762059639204e+02 -2.139768847572537652e+03 -1.943115813028871798e+03
-5.141502166781971255e+02 -9.539353705006815289e+02 -1.198272884788737201e+03 -1.341124184432872880e+03
-2.678236620775329811e+03 -2.368850511392827229e+03 -2.690114646137346426e+03 -2.688557523851422957e+03
-5.770362988045380916e+02 -1.593837526508125109e+02 -2.362639033625125649e+03 -2.364640695821878580e+03
-2.538953178497233239e+03 -3.613336618597580809e+02 -4.859417049235975128e+02 -4.863582177218644915e+02
-1.201932141353496064e+02 -2.151588991907316085e+03 -4.867810681230139380e+02 -4.732043583526792645e+02
-1.647332616219183819e+03 -1.816685035367315550e+03 -9.988158745560788248e+02 -1.182707798968143834e+03
-1.303386589181907027e+02 -4.021738656514498302e+02 -3.742415733096742088e+02 -3.565757530740473271e+02
-1.502197251070270340e+03 -5.032023667022713767e+02 -1.406615731949595101e+03 -1.320176582600643997e+03
-1.599893958159640022e+02 -2.125251423300846909e+03 -2.070765878319731200e+03 -2.336170242139050970e+03
-2.775494031987394465e+03 -2.550804322168402905e+03 -2.660450864133644700e+03 -2.732106797248392922e+03
-1.670280486584361483e+02 -5.072403303783706292e+02 -2.324736400241969932e+03 -2.353656011451041195e+03
-1.475044284051645718e+03 -3.892472164641582140e+02 -2.027189257504677755e+02 -4.296235741095753724e+02
-3.245620072489275003e+02 -1.954461650988959036e+03 -4.119021093746078463e+02 -4.062470796644673783e+02
-1.344903501983640581e+03 -1.407367755775453134e+03 -6.746824178618845735e+02 -1.381631945701484938e+03
-2.962888496724639822e+02 -2.926620816897701616e+02 -2.359471486883321916e+02 -2.007941813342013972e+02
-1.138147556978676675e+03 -4.802934678411830305e+02 -1.093109716839212751e+03 -1.079004481843438043e+03
-3.871370201633994839e+02 -1.432163691414053346e+03 -1.298346709772039731e+03 -1.593447228907812359e+03
-2.834373686403834199e+03 -3.069128099838276285e+03 -3.001206290616026308e+03 -3.003129823580637549e+03
-6.393217473553864920e+02 -2.829024849204856196e+02 -1.064462167383796896e+03 -1.025419060217772994e+03
-1.622815826646298774e+03 -3.169813477033412710e+02 -4.447476960524238052e+02 -4.437546350998089792e+02
-5.074839192068374700e+02 -1.972052925821119288e+03 -4.256418947903250114e+02 -5.956075655640036075e+02
-1.645954349182818987e+03 -1.900391394693219354e+03 -9.587529222563451867e+02 -1.629232090644222808e+03
-3.889083047177708181e+02 -3.039213382898146278e+02 -3.880072622914464660e+02 -3.927666039558502007e+02
-1.303529635826856975e+03 -3.625117104286298400e+02 -1.661498952376336092e+03 -1.553941345089777769e+03
-7.941688837100242608e+02 -1.663044480817048452e+03 -1.933281986621463375e+03 -1.844194309092600861e+03
-2.999607914213925596e+03 -3.072674341088847541e+03 -3.065331391389865530e+03 -2.655453267890469306e+03
-3.840731936253934009e+02 -8.641988226471091821e+02 -2.052929543998907320e+03 -2.262036602593021144e+03
-1.720082161286275777e+03 -3.832488962558747971e+02 -5.389177726922470129e+02 -5.224858707285209221e+02
-3.208900016587410846e+02 -2.190566378723095113e+03 -5.215659182499074404e+02 -4.488881563128590528e+02
-1.937113523085172119e+03 -1.905358445553480124e+03 -1.245280782801072291e+03 -1.815464347236461435e+03
-3.736709366622862376e+02 -3.796110967172288042e+02 -3.748143419459971710e+02 -2.628893422636484729e+02
-1.896197014309422912e+03 -1.624943193399301435e+03 -1.879207476498324922e+03 -1.845006607763320972e+03
-7.400445367655538575e+02 -1.463205713497215129e+03 -1.958723187479703938e+03 -1.975273762752319044e+03
-2.518240861876671261e+03 -3.162783857499311125e+03 -3.134355146578542190e+03 -3.140242834285266326e+03
-2.911634351699286185e+02 -9.307464957382450166e+02 -2.227502898292276768e+03 -2.117694131560942878e+03
-2.168792935204030528e+03 -3.994197033390760794e+02 -2.765436222766373362e+02 -4.809852570843307831e+02
-4.062923441990859601e+02 -2.407324591866344235e+03 -3.535853408276158234e+02 -5.172180610704986066e+02
-1.364250595767762206e+03 -1.413938194716529324e+03 -1.338386362124749212e+03 -6.164730999481034814e+02
-3.210708534874779048e+02 -2.969021812229064494e+02 -2.451996351989114942e+02 -2.861317386604058015e+02
-1.314120393429214346e+03 -6.187204463472569387e+02 -1.184785655538308902e+03 -1.344033165442541758e+03
-5.507625695243423252e+02 -1.188573051638278230e+03 -1.112479886743309407e+03 -1.159005642238727205e+03
-3.078490847064052559e+03 -2.716294202877065345e+03 -2.987332819675542851e+03 -3.004265689084807946e+03
-3.409992944601764293e+02 -7.875756021108591085e+02 -1.285395546362072764e+03 -9.369687659985798973e+02
-1.195863330597914455e+03 -3.805586496162212597e+02 -4.711115514764389332e+02 -4.824286718681539696e+02
-3.939760251576264523e+02 -2.016948242039331490e+03 -6.836021449661607221e+02 -7.222668700979940013e+02
-1.848906315334350438e+03 -1.944113840719594009e+03 -8.078946532679061647e+02 -1.738732199747874120e+03
-4.312207847391499627e+02 -3.153116830206546979e+02 -4.186905453389500735e+02 -4.357934465649661888e+02
-1.829224451043727640e+03 -5.412294207785123490e+02 -1.363177681761602344e+03 -1.533098975903233622e+03
-1.124139492945387019e+03 -2.501867851558117309e+03 -1.997330729173307873e+03 -1.965166294654520925e+03
-2.432434189409782448e+03 -3.255571652930887922e+03 -3.198622766513368788e+03 -3.208825763153125990e+03
-7.643827955631492159e+02 -4.662486824331804200e+02 -1.034663570087147946e+03 -1.062341640507738248e+03
-1.005972133351608704e+03 -4.772513511000745439e+02 -4.727237390439028104e+02 -3.156714900610248833e+02
-4.465911138696074545e+02 -2.130695801766136810e+03 -3.365381503931871521e+02 -4.749767598737736876e+02
-1.113555952113434842e+03 -1.946962487458927399e+03 -5.282038127431933390e+02 -9.610877894802969195e+02
-3.775810940899059460e+02 -4.064898203453331575e+02 -3.672522772327569669e+02 -3.164461112799537545e+02
-1.580444823899491894e+03 -7.051103926615546698e+02 -1.551087290580827357e+03 -1.761224681631108979e+03
-4.724412787735250845e+02 -2.319579698825586092e+03 -1.851044188917841439e+03 -2.191746463017277620e+03
-2.107463924009672610e+03 -3.169798291338552190e+03 -3.184246246563858676e+03 -3.220866704003394716e+03
-6.652580629834922092e+02 -1.201555014986500055e+03 -1.452129290594500162e+03 -1.281343878436727437e+03
-2.024954893343106050e+03 -5.303999098070972877e+02 -4.730263962550703809e+02 -3.344355961597065061e+02
-4.268805091383328545e+02 -2.559164390537659074e+03 -4.393029605262012183e+02 -3.258732170534835859e+02
-2.421435293625844679e+03 -2.113946103948174823e+03 -1.724930893628075864e+03 -9.133656346410526794e+02
-2.392018268172186595e+02 -3.910573706263599547e+02 -3.495351933398687834e+02 -3.696830527911021704e+02
-2.527664071919364687e+03 -4.500300844267022740e+02 -1.831020064407324526e+03 -1.713238704827610263e+03
-4.845059607913489117e+02 -1.989106044973691723e+03 -1.784574784106655898e+03 -1.480640283013408180e+03
-3.520837921437482237e+03 -3.103440836548620609e+03 -3.517244406919210633e+03 -3.613499606431379561e+03
-1.129151058012076192e+03 -6.242817155001663423e+02 -1.459786539898043429e+03 -1.345420817023654081e+03
-2.541811196082352126e+03 -4.071766152997141717e+02 -5.974116627813938294e+02 -5.788974109238397432e+02
-3.069874252851077472e+02 -2.604213201699711135e+03 -4.834501473574797501e+02 -5.111404028033386453e+02
-1.935691487040466200e+03 -2.150166297186729480e+03 -1.826685646738365676e+03 -1.822437083278555747e+03
-4.468639858160669291e+02 -5.268687684094771839e+02 -5.270405671795147100e+02 -5.245715770892201135e+02
-2.449003489554130738e+03 -5.409368159801645106e+02 -2.131649628693489831e+03 -1.930805370633385337e+03
-3.528873046699793008e+02 -2.185678903853394331e+03 -1.484880986645154735e+03 -1.567951296633378661e+03
-2.833721040355510922e+03 -3.173619028687744503e+03 -3.195841338796186392e+03 -2.993539197580199016e+03
-5.756964548082431747e+02 -8.745514162189624585e+02 -1.378959217167541738e+03 -1.298490405668292624e+03
-1.059674875535822594e+03 -3.746098350237355703e+02 -1.048933195147311466e+02 -2.042482379532444270e+02
-3.676134528905910202e+02 -2.545300919236746267e+03 -1.059157830928049862e+02 -2.762079907379354609e+02
-1.539709759245566147e+03 -1.957712125276256529e+03 -5.380127918637632547e+02 -7.188841218878604877e+02
-3.666547249784501332e+02 -3.136432193954429408e+02 -1.146572092605554474e+02 -2.109353976482645123e+02
-2.811732277154742405e+03 -8.006995475444575732e+02 -1.475631146314264697e+03 -1.866111256017017695e+03
-4.221658511382879624e+02 -3.176603931329950683e+03 -1.996633442169840464e+03 -1.750935783418070741e+03
-2.422828195606250574e+03 -3.064372459511754641e+03 -2.993227315990127863e+03 -3.088465775941132961e+03
-4.497668507508582252e+02 -1.333847332065487080e+03 -1.929211966967955277e+03 -1.848539151585199306e+03
-9.655444383538690545e+02 -4.577685696873313645e+02 -5.450371757676316520e+02 -5.295615670735564890e+02
-3.746634691715730128e+02 -2.294559559598029409e+03 -5.841626330160145244e+02 -5.688632744754439727e+02
-1.560180212690829194e+03 -1.749163085793885330e+03 -1.548472822444580743e+03 -1.389969184006678461e+03
-4.175234471055418339e+02 -4.843285217523644519e+02 -4.489371380764821993e+02 -4.592499447682421874e+02
-1.142301241218022369e+03 -1.000107331495443759e+03 -1.052422017499400908e+03 -1.086853299385978062e+03
-9.746470252669544152e+02 -1.524841245120983331e+03 -1.398311344760435304e+03 -1.278427653140696520e+03
-2.568584098322604405e+03 -2.574079614505144036e+03 -2.585373177857819428e+03 -2.622716955434844749e+03
-9.264308325828338866e+02 -4.034930520376211689e+02 -1.295550748942761402e+03 -1.171289786805566791e+03
-1.180619833410531555e+03 -3.721823620158411927e+02 -5.003473484572782013e+02 -4.833117069662002336e+02
-3.518628735928427886e+02 -1.963256617501261871e+03 -5.060768918548556599e+02 -4.810550399943733169e+02
-1.551781020071551211e+03 -1.508176273742714784e+03 -7.468484713983531265e+02 -1.536886389486192911e+03
-4.257612761944412227e+02 -3.421987479609631464e+02 -3.986972573252490974e+02 -3.865107646853325036e+02
-1.683970197551323054e+03 -5.199297674287760174e+02 -1.262454230229928044e+03 -1.342469161640957282e+03
-1.177874553983381247e+03 -2.054892933463227564e+03 -1.968423177231904901e+03 -1.821219486523458500e+03
-3.050399093212993193e+03 -2.363555289001973506e+03 -3.043037902296947323e+03 -3.217240484383840794e+03
-6.929730925701885553e+02 -3.315113606602281493e+02 -1.000281855360326745e+03 -1.081198286038063543e+03
-1.072858202324363447e+03 -3.743652175410908853e+02 -2.543418460759690447e+02 -3.053844074231819832e+02
-3.228241873986984842e+02 -2.136217326868160399e+03 -4.626550247848486492e+02 -4.582907096265687414e+02
-1.132092379915314723e+03 -2.107491941966223749e+03 -5.202952404904532386e+02 -1.001774827565581177e+03
-3.112108420228920522e+02 -2.937862154512847042e+02 -2.858895064086726734e+02 -2.138208008353466880e+02
-2.658225811307492222e+03 -6.910102997805847735e+02 -1.925277918548651769e+03 -2.106517704166497879e+03
-4.224557482056305844e+02 -2.207040032822738340e+03 -1.638941045587989038e+03 -1.530962575349758936e+03
-2.460566190709918828e+03 -3.348661999133370955e+03 -3.207918660257118518e+03 -3.190308523557743683e+03
-6.770123582596554570e+02 -1.195552335502163714e+03 -1.873021808406598666e+03 -1.792326569412197387e+03
-2.266242745401741558e+03 -3.136815007567154794e+02 -4.144075513613958037e+02 -4.251209587423355174e+02
-3.328926926910515363e+02 -3.044127853333140592e+03 -2.944811292106369365e+02 -2.887514088617664925e+02
-2.258767970433288610e+03 -2.423776317463792566e+03 -1.663798010958616715e+03 -3.466636896408263624e+02
-3.798158689160378003e+02 -3.358185056269864504e+02 -3.092646817286866394e+02 -2.799164338820253874e+02
-2.879830243446445820e+03 -8.605775620972160596e+02 -1.770231374276913357e+03 -1.832085167391294135e+03
-5.667011671957482122e+02 -2.500528872577084712e+03 -2.170442486807996829e+03 -1.998763294214861844e+03
-3.030249249079344736e+03 -3.416551896008285439e+03 -3.520401138331846596e+03 -3.496323033129723626e+03
-1.330415027477716649e+03 -8.927773112565578231e+02 -1.995292733089333979e+03 -1.804672212035233997e+03
-2.013742090044529505e+03 -6.057020518634284372e+02 -5.693369462228465636e+02 -4.434856226307128395e+02
-3.588087550034215383e+02 -2.553941494975872047e+03 -4.590175292727553256e+02 -5.216225596178439901e+02
-2.111219733315625945e+03 -2.387989371295667297e+03 -6.440522847967449707e+02 -1.431634746115169264e+03
-3.629688222145218788e+02 -4.704843515382951864e+02 -4.261660501319781815e+02 -4.306047332448288216e+02
-1.766926173932326037e+03 -4.160686639609833719e+02 -1.919966936546913075e+03 -1.824868876055402325e+03
-6.431270111729783139e+02 -2.678196652754889328e+03 -1.070009050213289356e+03 -1.157304411326563695e+03
-2.793855372793530023e+03 -3.114489616695400400e+03 -3.345415909521457252e+03 -3.094854395209667018e+03
-6.336369172566401176e+02 -7.214818217070296669e+02 -1.040401152224026418e+03 -1.118141929809282829e+03
-1.356443752058176869e+03 -1.445178265466819312e+02 -3.830967328137024310e+02 -3.945780947790435107e+02
-5.332815201613099134e+02 -2.156909432250845384e+03 -5.325251119881727391e+02 -3.706608065266100311e+02
-1.322074231289703903e+03 -1.817686287376013752e+03 -6.542635973202436617e+02 -1.233958661893002500e+03
-4.403023791454349407e+02 -1.291562590858450221e+02 -3.771299749598163089e+02 -3.758109231920835782e+02
-1.370765269901868351e+03 -1.661935183681650301e+02 -1.106271421590336786e+03 -9.792497674755649086e+02
-5.457783788891348422e+02 -1.351384544927873776e+03 -8.802660900322835005e+02 -1.068023047049491197e+03
-2.268966456326603748e+03 -2.644338688776551862e+03 -2.656798320651383165e+03 -2.644267091417312258e+03
-5.822493551959535125e+02 -1.115971722367345080e+02 -1.060571658099731394e+03 -1.004125866511754793e+03
-2.160645343608698113e+03 -4.748505386058350268e+02 -4.722837661201575656e+02 -4.136841725241651488e+02
-2.460755172259631252e+02 -2.491210419096253645e+03 -4.053088601341706863e+02 -4.121661748125005147e+02
-1.765857339853737358e+03 -1.817918057383392807e+03 -7.001125108667354198e+02 -1.115212038760274027e+03
-2.173032595588321669e+02 -3.978176660544950209e+02 -3.793920222041737702e+02 -3.557888957138058004e+02
-1.511442212365227988e+03 -4.328712651444307085e+02 -9.168739959845336216e+02 -1.010264920288697795e+03
-1.641626480940486204e+02 -2.064160906828982661e+03 -1.160189043030476341e+03 -1.023524942659280441e+03
-2.787120662047225778e+03 -2.655635897718583692e+03 -2.761401028817198494e+03 -2.727130653634088048e+03
-2.322110391496794932e+02 -4.987174493572304641e+02 -1.048086069757946689e+03 -1.125371350779089880e+03
-1.396454008796291646e+03 -3.551249182196697234e+02 -4.869414993682945578e+02 -4.848905374847075223e+02
-3.861135312386117562e+02 -1.869349749317472515e+03 -5.806426436227841350e+02 -5.306666064257265134e+02
-1.847127086512196684e+03 -1.830451274644333807e+03 -1.715945367613858707e+03 -8.200745048660593284e+02
-4.206823415100317902e+02 -2.793439449137069914e+02 -4.197919515430280057e+02 -4.148536353671810843e+02
-1.431410005150843517e+03 -6.940675568012547956e+02 -1.366107833554862282e+03 -1.511633322894558660e+03
-1.108691919720189389e+03 -1.917313512570930698e+03 -1.982972253308836798e+03 -2.118258596024640610e+03
-2.593808789668254576e+03 -2.884345256891520421e+03 -2.894794779283823573e+03 -2.926544949972547329e+03
-7.900490388105463353e+02 -3.311710040433177937e+02 -1.127572184013414926e+03 -9.953072037955002997e+02
-1.328901342922849835e+03 -5.276974253132755166e+02 -3.613558778152796549e+02 -2.660530019810269096e+02
-2.932869033421328027e+02 -1.942094353859949706e+03 -4.239557761243555660e+02 -4.193541191078287511e+02
-1.452443653528187951e+03 -1.561111726239392056e+03 -6.204155622636341150e+02 -1.255814979108751004e+03
-3.494190782845876129e+02 -3.156727275059756721e+02 -2.062957233972296649e+02 -3.188039578967175203e+02
-1.463492018717158999e+03 -8.103440446514349560e+02 -1.564730652227792461e+03 -1.444186740682094069e+03
-3.886617457708533721e+02 -1.764056906464008307e+03 -1.178585377679919475e+03 -1.781760758379140498e+03
-2.335070762432254924e+03 -3.001147890479427133e+03 -3.031921798741931525e+03 -3.040061164966219167e+03
-4.673859076837632074e+02 -9.588555367051229723e+02 -1.179430004300056225e+03 -1.068919079757237796e+03
-2.154911288776631409e+03 -3.026593186929074477e+02 -4.051881679343211999e+02 -4.205439609588181611e+02
-3.426137343977982255e+02 -2.741878887390322234e+03 -4.076238116109895486e+02 -2.893703678556252044e+02
-1.867003894836665268e+03 -1.796112537216217561e+03 -1.560163808326281242e+03 -8.415608930390412752e+02
-4.177627774969844836e+02 -3.695031255167612017e+02 -3.612777287464324445e+02 -2.422353173816345588e+02
-1.297144429876735785e+03 -4.796702000958071608e+02 -1.357500332441892169e+03 -1.394984337003974815e+03
-4.046447405667687462e+02 -1.034097251343359176e+03 -1.169444670656110020e+03 -1.034497500376175140e+03
-2.931737565939220531e+03 -2.999495395955354979e+03 -2.958086786089132602e+03 -2.958610654501312638e+03
-8.346705170071364819e+02 -1.192079950115546808e+03 -1.198913269498778163e+03 -1.118414834431996269e+03
-1.138217480044650074e+03 -4.106954917255579858e+02 -8.045671615876700571e+02 -5.553232516067101869e+02
-4.412828310346897069e+02 -2.306062049294527242e+03 -5.880371591825720543e+02 -3.973552542314641869e+02
-1.708921381437145101e+03 -2.221340577688099074e+03 -9.373498751512880744e+02 -1.796018053251861829e+03
-4.403514827142776085e+02 -4.371774440506441124e+02 -4.216024332593432291e+02 -4.269489354822642895e+02
-1.821276009977002104e+03 -7.268601183104416350e+02 -1.850486259038001208e+03 -1.884955322898768600e+03
-5.374362847900410998e+02 -1.429546595257464787e+03 -1.339882701560982241e+03 -1.316573860215739842e+03
-3.096555568135247086e+03 -3.008267838064962234e+03 -3.006816783734248020e+03 -2.959064571624749533e+03
-4.983235157775134212e+02 -8.914078276224355477e+02 -1.156064131512417589e+03 -1.065214001514901611e+03
-4.921691441582787547e+02 -3.351467547358177512e+02 -5.621419623118061963e+02 -2.216482714494940410e+03
-2.798611336076929774e+02 -3.591968637515559521e+02 -1.117591406703718576e+03 -4.458254994549735670e+02
-7.667269937719905784e+02 -1.431863989819526068e+03 -1.712152131696447668e+03 -2.023485067315734341e+03
-3.052285071215039807e+02 -2.065677825884807532e+02 -3.414700852754373273e+02 -4.349306151122753477e+02
-1.985320603611105071e+03 -2.010473795633003647e+03 -4.886434420808417372e+02 -2.349431679021237869e+03
-1.639094152319918521e+03 -1.755892566536072309e+03 -2.040526306525640848e+03 -4.801742514870321088e+02
-3.181771340063201478e+03 -2.470015724580694041e+03 -3.152162673149464354e+03 -3.151897099009683643e+03
-1.596134390046004910e+03 -1.456173553069416357e+03 -6.331249474986208270e+02 -1.050371577633418838e+03
-4.703267509306350007e+02 -4.186572963005575616e+02 -3.201995864736329054e+02 -2.499340805329261002e+03
-3.524385287127807942e+02 -4.427762825377106992e+02 -2.272572730380935354e+03 -4.388874593001196445e+02
-1.217237256302323885e+03 -1.231457721684930902e+03 -2.287049099926580311e+03 -2.249721755867341017e+03
-2.912397393334798039e+02 -3.380631191962389721e+02 -3.747741258404882387e+02 -3.827315698800538826e+02
-2.032279600090005033e+03 -2.163331020614291447e+03 -3.641281623197677391e+02 -2.819417373377708827e+03
-1.971417973062240662e+03 -1.890741130498194707e+03 -2.883118583195072006e+03 -5.097910759917256200e+02
-3.464611164751700926e+03 -3.473677070775909215e+03 -2.160526132705997043e+03 -3.318555385269806266e+03
-1.960041658553392608e+03 -1.665507444246332852e+03 -5.242946847665765517e+02 -1.157257309273802548e+03
-5.465774234528986426e+02 -5.535770013772455513e+02 -2.960956312530232140e+02 -2.978260027858988451e+03
-3.907845077330080130e+02 -6.818646764874679320e+02 -2.005103143020315429e+03 -6.972387194176423009e+02
-9.335297270030666823e+02 -1.812157811646394293e+03 -2.106413018480589471e+03 -2.660241295161344624e+03
-4.637164593082390525e+02 -4.754953777150402630e+02 -2.762661532007462029e+02 -4.079530290297673218e+02
-2.039769996131167545e+03 -2.102481596265155531e+03 -4.402034813000865370e+02 -2.084104292058311330e+03
-2.213482290887752242e+03 -2.225249498442557979e+03 -1.964293949464055004e+03 -8.402915514117260045e+02
-3.394669548258635132e+03 -3.493720664899407893e+03 -2.591842981112184134e+03 -3.324504628637673704e+03
-2.607276982316550857e+03 -2.488460240722319668e+03 -1.167999070570769845e+03 -3.336376406390481293e+02
-6.490739420432364568e+02 -6.940215478630921098e+02 -5.011483028319719892e+02 -2.268526874821744514e+03
-4.962861347744757836e+02 -4.889649967828106583e+02 -1.623388530989982428e+03 -4.506106382033635782e+02
-1.700836968519627590e+03 -1.102893919751869817e+03 -2.197335103574835557e+03 -2.133546761986293859e+03
-4.071951013256728515e+02 -4.360079991231509098e+02 -4.355920158828305944e+02 -4.728429512556119221e+02
-2.169402472199482418e+03 -2.025000925328517269e+03 -1.381625609949505815e+03 -2.704744440275447687e+03
-2.391759719584021695e+03 -2.418126350625464056e+03 -1.578540431156063278e+03 -6.100357654033259678e+02
-3.401668364534384636e+03 -3.427794513821380860e+03 -3.223011284152241387e+03 -2.233627697725504277e+03
-2.514161761128030776e+03 -2.566107277383085602e+03 -7.665746743451326211e+02 -3.993355808075988307e+02
-4.316316183459819058e+02 -4.228093492603793493e+02 -1.105553757409490458e+02 -2.207001437859817088e+03
-5.397302494096136343e+02 -5.932500554541738893e+02 -2.122360206641784771e+03 -4.150590627461922395e+02
-8.543999195571022938e+02 -1.087292773647024433e+03 -1.949339120918609979e+03 -1.977265635228116480e+03
-4.060251070926825037e+02 -3.728612742674658875e+02 -1.355710409343576259e+02 -4.306848570774125733e+02
-2.125913942333541399e+03 -1.819797645338819166e+03 -2.400045786879485661e+02 -1.898956719774813337e+03
-1.300936273992800579e+03 -1.126340683090292941e+03 -1.841177621859307692e+03 -5.041878903560399294e+02
-2.656821895852285252e+03 -2.599218079137231143e+03 -2.619878557019536402e+03 -2.434756744472368609e+03
-2.452318321989379001e+03 -2.486770120726736423e+03 -3.039682648844998312e+02 -5.802875634000363334e+02
-5.333141135084798634e+02 -6.617761983593520654e+02 -4.192341329592758825e+02 -2.505621816666253835e+03
-4.068614860380915843e+02 -4.231445811776595747e+02 -1.592881439390826245e+03 -1.525074611815761614e+02
-5.955309459081709065e+02 -1.341325936132194784e+03 -1.484740212309671051e+03 -1.873260935835658074e+03
-3.473015823891396963e+02 -3.501968827557684563e+02 -4.210940516833041443e+02 -1.140348372327837296e+02
-1.299875935086049822e+03 -1.312006648842386312e+03 -5.411255545661412043e+02 -2.078744550942576097e+03
-2.133907084028624467e+03 -2.039702185434697185e+03 -1.359749750659879737e+03 -2.380007500695813292e+02
-2.474782796095828417e+03 -2.624392359129248234e+03 -2.628227351165784057e+03 -2.605808492143193689e+03
-2.532429589645951637e+03 -2.571381185380099396e+03 -5.957912660313053266e+02 -2.144121925592745015e+02
-4.478484485359421114e+02 -4.208598295637083879e+02 -3.551517850740489166e+02 -2.345276611818832862e+03
-3.911644521394127310e+02 -3.007702653689854628e+02 -1.173947508472270556e+03 -4.460244143864287594e+02
-6.477266218835981135e+02 -1.060287078241517975e+03 -1.375732793935013660e+03 -2.503333376362849776e+03
-2.945367439509371934e+02 -3.497103688488956550e+02 -3.563503933083466677e+02 -4.368280081184019537e+02
-1.783329859206305173e+03 -1.815674155840877802e+03 -3.779139956641036520e+02 -2.888956666720032445e+03
-1.328257660843278472e+03 -1.765168994919645911e+03 -1.319966853972133777e+03 -6.237595335589167007e+02
-3.256675234159734828e+03 -2.954472788155673697e+03 -2.241460127494271092e+03 -3.171131162753039007e+03
-1.289639299653782928e+03 -1.354619679887863185e+03 -3.735540401462650379e+02 -1.131628856655424443e+03
-4.181742994881213917e+02 -4.908322059854063468e+02 -2.260018445428194127e+02 -2.572095868660627275e+03
-3.622814290583821162e+02 -4.245310416370965640e+02 -2.495813954176599054e+03 -4.544552279294633195e+02
-1.623876135601001351e+03 -9.802300349407365729e+02 -1.998284996092429765e+03 -2.042748209109976642e+03
-3.319087214471952620e+02 -3.366884738665543182e+02 -2.171587983801935877e+02 -3.676208548050687455e+02
-1.837621393481572568e+03 -1.755991414426783876e+03 -5.308155045546643578e+02 -2.328285769314238223e+03
-1.629754059874422637e+03 -1.858269904512134872e+03 -2.132983780761440357e+03 -4.987641032988707366e+02
-3.215531316648881329e+03 -3.366834710321841158e+03 -2.703296258352463155e+03 -3.272147808338804225e+03
-1.372636272979867044e+03 -1.604775946312024644e+03 -5.014904572784336096e+02 -1.155985868828234743e+03
-3.445611527318043272e+02 -5.637913541798047845e+02 -4.556810476534372469e+02 -2.497070523874108403e+03
-4.335110873172537254e+02 -5.708179657085065628e+02 -2.247113568278155071e+03 -5.838234595961395144e+02
-2.138410648584176670e+03 -1.667781105336517157e+03 -2.135572349816407950e+03 -2.333589248405187391e+03
-3.707243907655170005e+02 -3.795944164211114753e+02 -2.738652848310587160e+02 -3.805597359237709725e+02
-2.282778217633135682e+03 -2.675159844185015572e+03 -2.949163768228042954e+02 -2.247874673912365324e+03
-2.303772861789165290e+03 -2.325541866701199069e+03 -2.497091629957567420e+03 -5.807756233569830329e+02
-3.153116100014668518e+03 -3.331132385529808289e+03 -3.248163393552827074e+03 -2.504615018976034662e+03
-3.046053036724349113e+03 -2.955538749870146148e+03 -3.072831369518473821e+02 -5.538600706035198300e+02
-4.995355298044456731e+02 -6.042311571411398745e+02 -4.407272599904694061e+02 -2.342266841801365899e+03
-4.530820550210902979e+02 -4.630917294167917362e+02 -1.059034288014358026e+03 -3.045557716234799273e+02
-1.928428677655109823e+03 -9.613674097871509048e+02 -1.950686458508929491e+03 -1.913503661884662733e+03
-4.678922446506611550e+02 -4.210415007145922459e+02 -4.154881964347808889e+02 -2.569494835733460718e+02
-2.587197780113825957e+03 -2.334837263351991169e+03 -8.981974847499594716e+02 -2.513125788585939517e+03
-2.353767165582234611e+03 -2.321430079984075292e+03 -1.286101697831065394e+03 -3.788336676242593057e+02
-3.273360254543059909e+03 -3.174785402466407959e+03 -3.111279474475717052e+03 -2.284977428563927788e+03
-2.617596149770080046e+03 -2.538446887960524236e+03 -4.850913448340891705e+02 -8.028982601267683776e+02
-2.068790739861467785e+02 -2.621478429859783432e+02 -3.742908650229815066e+02 -2.416690412661799201e+03
-1.034932917209882106e+02 -3.266743755161508034e+02 -1.248331746659375767e+03 -3.789360537681091046e+02
-8.242505742957489474e+02 -5.120296571481537740e+02 -1.380728994389670788e+03 -2.334081810824101467e+03
-1.528658920639630594e+02 -7.278165467203464800e+01 -3.465781494454651579e+02 -3.510383942122840040e+02
-2.336885461408695392e+03 -1.838993517268212372e+03 -3.586095118014923173e+02 -2.896344348755636020e+03
-2.053933161947729786e+03 -1.955949187167474975e+03 -2.673522046205805964e+03 -5.254087602213477339e+02
-3.045183072139776414e+03 -3.037310776747202908e+03 -2.286025353014463235e+03 -2.998462246711635089e+03
-1.920283090217235440e+03 -1.335477618871466802e+03 -4.220236641491142677e+02 -1.275371771748076526e+03
-5.169283955840551243e+02 -5.424688496959749955e+02 -3.998087135822917730e+02 -2.079375222759096232e+03
-5.216802648351790594e+02 -4.124844113787561923e+02 -1.127315218765429563e+03 -5.262424989633969972e+02
-1.164655091105438487e+03 -1.256162452125981417e+03 -1.372464574999160504e+03 -1.434667035983137566e+03
-4.528666042542116656e+02 -4.672699337226773650e+02 -4.942484979032240062e+02 -3.315104343198883043e+02
-1.658696420546472154e+03 -1.827484769208715079e+03 -7.265920683368552773e+02 -1.413254174849555284e+03
-1.641104816773216726e+03 -1.491254771008915441e+03 -1.229283827704795840e+03 -3.686891327459890135e+02
-2.748261161547851771e+03 -2.656628364631379554e+03 -2.677582729225528510e+03 -2.685433017339397338e+03
-2.185542169774960712e+03 -2.132301343961356906e+03 -9.431224711963625396e+02 -4.578622639568258137e+02
-3.430524676323350377e+02 -5.654346769725277682e+02 -4.619816111677082517e+02 -1.847393779344521135e+03
-4.168929697543381394e+02 -4.206133259359861540e+02 -1.108598249874858311e+03 -2.198195730464982489e+02
-1.392719103269707603e+03 -8.650970099033099814e+02 -1.449174800946442474e+03 -1.809201812292281602e+03
-3.213688257737566119e+02 -3.269346632000047634e+02 -3.551095797808515044e+02 -2.079203327595599546e+02
-1.351163112472534294e+03 -1.572976297152572897e+03 -5.661394481879412979e+02 -1.394427491986398763e+03
-1.323595788420912868e+03 -1.249003983576485098e+03 -1.242678553425643940e+03 -7.721766975048162749e+02
0.000000000000000000e+00 0.000000000000000000e+00 0.000000000000000000e+00 0.000000000000000000e+00
-1.079200108043379487e+03 -1.267262311296645976e+03 -5.014254667358318898e+02 -1.216971344363891831e+03
-3.772267222733822223e+02 -3.176970756785667049e+02 -4.639081440985957556e+02 -2.560626675440726103e+03
-4.356402418620522781e+02 -3.726088290733185886e+02 -1.583120297660558208e+03 -4.571527093532847061e+02
-1.612078320010239622e+03 -1.135744403816338945e+03 -1.658882256250855335e+03 -1.594811028862114199e+03
-2.954714491468472488e+02 -3.100398725315586148e+02 -2.260703857665304781e+02 -3.408620095913585146e+02
-1.030392602102425599e+03 -1.035822858518075009e+03 -7.245670112189492329e+02 -1.086414380519941460e+03
-1.652973567671668661e+03 -1.399651431056003730e+03 -1.611941286993809399e+03 -4.343292692928931729e+02
-3.089240683080989584e+03 -3.090967725625831463e+03 -3.105099810334633730e+03 -2.802067965506190831e+03
-1.183444972329926713e+03 -1.103481194449841041e+03 -5.253543772981454367e+02 -1.009943227533689537e+03
-1.491146430672360566e+03 -1.777513258437445074e+03 -7.395754827667906284e+02 -2.188046157179846432e+03
-5.987572020577687226e+02 -6.060798963644256219e+02 -1.735462650051935952e+03 -2.993433461569529186e+02
-1.432240434104141059e+03 -1.898924395801910123e+03 -2.043253403582090868e+03 -1.969647675219981693e+03
-3.017719534284921679e+02 -3.844753048621655580e+02 -3.945273249658124541e+02 -3.997634845269360540e+02
-1.558426640776488284e+03 -1.632774348840181574e+03 -4.062482634074335124e+02 -1.764971808034254991e+03
-1.767883491706551013e+03 -2.072775978155981193e+03 -1.791841369804117676e+03 -9.942904143313819532e+02
-3.197457403187609088e+03 -3.251213585827644238e+03 -3.233198265306557005e+03 -2.852251658483038227e+03
-1.935234815189971187e+03 -2.362672419372578588e+03 -3.240452429769035803e+02 -8.000888041646559259e+02
-5.291650533790650570e+02 -5.807004034022515953e+02 -4.439477426210268050e+02 -1.509440478509123295e+03
-5.013367366436509087e+02 -5.113061487228325177e+02 -9.894174861923979734e+02 -2.876719670551259469e+02
-1.329446802432333698e+03 -1.708848270140315208e+03 -1.767582807947341507e+03 -1.790030686739733710e+03
-3.632612618072233772e+02 -3.346866341872364501e+02 -3.694898782694806414e+02 -3.521332153781164038e+02
-1.842037221534150149e+03 -2.006132760333882288e+03 -1.196551496645665338e+03 -1.853470514677771007e+03
-1.649616366330133815e+03 -1.537857920624536291e+03 -1.461612998099136121e+03 -4.235915354730416880e+02
-3.051980279198958669e+03 -3.066996022672899471e+03 -3.056732931634174292e+03 -2.990328619394448651e+03
-2.355766934635666530e+03 -2.339901682493570661e+03 -1.088577387119502418e+03 -4.244450604789136605e+02
-5.939964196609387272e+02 -5.846497786618551800e+02 -4.690628032612500533e+02 -2.360266132165268118e+03
-5.087846098274788460e+02 -5.492052339749525345e+02 -1.679246599435707139e+03 -3.411592381206380651e+02
-1.516597357062247738e+03 -1.242807312186119361e+03 -1.562644761984141496e+03 -1.563811134244768709e+03
-4.011325558613483508e+02 -4.105619711903209463e+02 -4.016910155597477683e+02 -2.933828060690212851e+02
-1.559900304897254273e+03 -2.160108919218513620e+03 -4.064430271099545848e+02 -2.091639265225790950e+03
-1.173664051529083054e+03 -1.238994943268452971e+03 -1.223967714877222306e+03 -5.122412747979002461e+02
-3.137439718121902388e+03 -3.154312216528659064e+03 -3.267612124463546934e+03 -2.603258588537511969e+03
-1.087203565386889977e+03 -1.180729198451515003e+03 -3.880410048810745138e+02 -9.372935776257133966e+02
-4.239666572601888674e+02 -5.073320689608191856e+02 -4.843934723941980565e+02 -2.496384352315642900e+03
-5.796704025606964024e+02 -5.787380292111122344e+02 -1.598136304207671856e+03 -4.105297745635831461e+02
-1.487453189872562916e+03 -8.575915458219753873e+02 -1.695392312754297336e+03 -2.626409178938509285e+03
-3.977245004148877001e+02 -3.799829648592605054e+02 -4.067576354252435635e+02 -4.177417742405034460e+02
-1.297132530237985975e+03 -1.272242968100828875e+03 -3.986031541333151722e+02 -2.462055350182867642e+03
-2.182139692252487748e+03 -1.955583462589790315e+03 -2.231037529049878685e+03 -7.892634435218218414e+02
-3.425343831337782831e+03 -3.315353211916649798e+03 -2.393359031330637663e+03 -3.101716805180595202e+03
-9.782889794406009969e+02 -9.642312794784833159e+02 -3.916041355849084198e+02 -8.527440979906441498e+02
-3.751264772147848703e+02 -2.427378472790842352e+02 -5.140398018414557555e+02 -2.681030618511744706e+03
-4.712100834416997373e+02 -5.624947626338534974e+02 -2.153830810432583348e+03 -2.685586347689946933e+02
-6.793483151394450488e+02 -1.274348525836593581e+03 -2.378072133452708840e+03 -2.824378363630894000e+03
-2.248089774607345817e+02 -2.868541342349280967e+02 -3.284569102914578025e+02 -2.866128551266513114e+02
-2.279626932928183123e+03 -1.970921863019007560e+03 -3.571071461301792738e+02 -2.579408449137355092e+03
-1.790477079982667874e+03 -1.802139374572936504e+03 -2.010410841042745687e+03 -3.869693993252140558e+02
-3.426502913317013736e+03 -3.455311828610042539e+03 -3.421076175951261575e+03 -2.745060597985622735e+03
-1.612146531416593461e+03 -1.580671711718621964e+03 -1.340927032383736559e+03 -4.535407834854620432e+02
-4.247729678870912267e+02 -4.566572167328251908e+02 -4.483640443501819277e+02 -1.796313368675031370e+03
-2.819512077236017262e+02 -3.933457753204524465e+02 -1.799200252561289972e+03 -4.294401885244238315e+02
-1.434442177799797946e+03 -7.860683548763914814e+02 -1.387699406420449122e+03 -1.926252446276844466e+03
-3.798602979251800207e+02 -2.344187360976763443e+02 -4.087655525023786254e+02 -3.915896296920599298e+02
-1.901190178903935248e+03 -1.843927349233484165e+03 -7.538003930543891329e+02 -2.506064371512658454e+03
-2.092849887640826637e+03 -1.751623889707555918e+03 -2.946457993998823895e+03 -4.482432522704668827e+02
-3.363314466253149931e+03 -3.407808119575589899e+03 -3.333893013797413460e+03 -3.326115805855349208e+03
-1.705618670755654648e+03 -1.488283637179063135e+03 -4.993410941958964031e+02 -1.073988617603613875e+03
-4.118240562866203618e+02 -4.094744065121082031e+02 -1.458754495177018100e+02 -2.182902774418403624e+03
-5.094665219050517067e+02 -5.505967338595959291e+02 -2.077908027644049980e+03 -4.320695404894167950e+02
-7.555904331500984199e+02 -1.226363655366191779e+03 -1.666584384168800625e+03 -1.943003825344572306e+03
-3.682497085074708139e+02 -3.870764709963297037e+02 -1.340420561067434448e+02 -4.270102373751589084e+02
-8.966985568909962012e+02 -1.092572825187991612e+03 -1.028459613849884278e+02 -2.180178072956541655e+03
-9.304368838016163181e+02 -8.441007922006476747e+02 -1.698904488409094483e+03 -5.897317864903942564e+02
-2.210990716525361677e+03 -2.429704257662280270e+03 -2.620998091917606416e+03 -2.457524204974132772e+03
-1.073371267964952040e+03 -1.020676740745766210e+03 -8.323348262283184340e+01 -5.007979051947176572e+02
-4.889599060374504802e+02 -4.584765087482413719e+02 -4.803937019959760164e+02 -2.168284776085327849e+03
-3.827181673745446915e+02 -3.904165526473075829e+02 -1.571683406340901229e+03 -1.539565981125375913e+02
-9.981608267099493332e+02 -1.274483648482437502e+03 -1.305195778234670342e+03 -1.490200582364537240e+03
-3.563924631861199828e+02 -4.045937267888675706e+02 -4.251414450799429687e+02 -1.056974608149559032e+02
-1.317125382275857419e+03 -1.231207618570833120e+03 -7.554312145280059667e+02 -1.457882072298485809e+03
-1.183135192416350719e+03 -1.026488457860663402e+03 -1.487821870993132507e+03 -3.065231706116835539e+02
-2.523611732369965011e+03 -1.424805291301135185e+03 -2.395006385519336618e+03 -2.563776149089206683e+03
-1.015889360834163426e+03 -1.101138372570434967e+03 -5.743304133643359819e+02 -6.848196650296224561e+02
-3.640725842278820323e+02 -5.503579019909203680e+02 -5.204479708026626668e+02 -2.653147804419951171e+03
-3.769225103994415349e+02 -4.247802227919213465e+02 -1.160630412805464402e+03 -2.025143358855462452e+02
-1.896551047748935844e+03 -1.168196630794889415e+03 -2.056582712841735884e+03 -2.094790997613255968e+03
-3.564659068519393941e+02 -3.747946568419841924e+02 -4.515469318524349660e+02 -2.897501467145067409e+02
-1.733112028199869656e+03 -1.725657966818622072e+03 -3.735037805248365430e+02 -3.031682046220083976e+03
-1.399509224524181491e+03 -1.536825587875327983e+03 -1.341428215600710018e+03 -3.162922701791086979e+02
-3.069132418632100325e+03 -3.134639908217796801e+03 -2.576792429516347511e+03 -3.079451651655584556e+03
-1.373062096119930629e+03 -1.268576917801392256e+03 -4.049026331418054951e+02 -8.309384548666115506e+02
-4.180372967453715205e+02 -4.385368932222043554e+02 -3.124447820488483671e+02 -2.613375468112045837e+03
-6.714616244077666352e+02 -4.526409342103978020e+02 -2.060272915806498077e+03 -5.637831525435254889e+02
-1.164753353768968736e+03 -1.536547926213353094e+03 -1.676209962561195198e+03 -2.336276635572467967e+03
-3.200652169699120577e+02 -3.615116225919331328e+02 -3.705474307051015330e+02 -4.616477302185384133e+02
-1.235117343457923198e+03 -1.400178869649273338e+03 -3.797088504587466673e+02 -2.407396798048040182e+03
-2.097557835389410684e+03 -1.990741451670707420e+03 -1.858231262424123997e+03 -7.301736189470598219e+02
-3.200128409589097373e+03 -3.011506037963261406e+03 -2.916770312060388278e+03 -2.544579621352336744e+03
-1.138926052765973282e+03 -1.088188124878638064e+03 -2.904402494616996364e+02 -6.900723942661749106e+02
-3.218011155083205495e+02 -4.699896191182606344e+02 -4.707300334577589638e+02 -2.463838178206479824e+03
-5.494952981209715972e+02 -5.608403043835743347e+02 -2.618994896465726924e+03 -3.197026217815144378e+02
-1.283157635417918073e+03 -7.337213761272655574e+02 -2.244940807526548269e+03 -2.053053426996920734e+03
-2.936247815132200003e+02 -3.431813265598832459e+02 -4.482682228564098637e+02 -3.835282544779316254e+02
-1.706527384349359636e+03 -1.527036375144842395e+03 -6.255960121010913326e+02 -1.697666863364187520e+03
-1.428154222424228237e+03 -2.067299434927819675e+03 -2.919882422475321619e+03 -4.923050051130135216e+02
-3.381339637509399381e+03 -3.478922908626494063e+03 -3.473355873978991440e+03 -2.465681177016550919e+03
-1.414112530312555918e+03 -1.632631879676424433e+03 -1.323897144379072188e+03 -4.769567712589254711e+02
-4.640107214782108827e+02 -4.787994928230054938e+02 -3.848870982708861561e+02 -2.807087002682242201e+03
-3.566228561440084945e+02 -4.857430223706363108e+02 -1.008392548169054635e+03 -5.085525198001995477e+02
-1.122657467069037239e+03 -6.112309777846161296e+02 -1.297742970082580086e+03 -2.631908860770339288e+03
-3.662731384346471373e+02 -3.630725560527309312e+02 -3.968602502178724762e+02 -3.210572677426941937e+02
-1.735309643814617402e+03 -1.533012438706015246e+03 -5.744148971024173989e+02 -2.921641956995388227e+03
-1.565245395194807315e+03 -1.646603342252489256e+03 -1.844942316632135544e+03 -5.242350338489263777e+02
-3.017988072949274283e+03 -2.781896735713081398e+03 -1.647610470531593364e+03 -3.127591736430860237e+03
-1.365742384188965389e+03 -1.342658908219361365e+03 -5.400239165006244093e+02 -1.341725706971580166e+03
-4.415708879558188187e+02 -5.352286381249388114e+02 -5.072535451339732049e+02 -1.814319764989816576e+03
-5.052824659361131694e+02 -5.266436872664042994e+02 -8.773377229140833151e+02 -3.744286141302591773e+02
-1.532791315057121665e+03 -1.304810914024044678e+03 -1.524547581946683522e+03 -1.641924199116657292e+03
-5.356217846866054515e+02 -5.212607482051481611e+02 -5.698617936793719991e+02 -3.692748111035473926e+02
-1.092663818836746941e+03 -1.210757372086485020e+03 -3.898709568099982334e+02 -1.774914239209987954e+03
-1.140884581077594930e+03 -9.832884742883483113e+02 -1.226109675299484479e+03 -4.971088049444799708e+02
-2.317814866029199038e+03 -2.540493403373094225e+03 -2.564356170389001818e+03 -2.561710181354718316e+03
-1.396885428738722112e+03 -1.329206560927077135e+03 -6.041474554715967997e+02 -8.241204082986590720e+02
-3.171946832907009366e+02 -1.436128808946671143e+02 -3.935540889693497775e+02 -2.311994144566252999e+03
-7.609225119788072789e+01 -2.904925008442803573e+02 -1.220382054617681433e+03 -4.162679958077626452e+02
-6.569436912193064018e+02 -7.598187052865822579e+02 -1.595485818338604304e+03 -2.187803772371079049e+03
-2.249543778091812669e+02 -9.265303124790838751e+01 -3.489240157266451092e+02 -3.346936713255739733e+02
-1.487780364680817456e+03 -1.955453066990729440e+03 -4.666384128091553407e+02 -2.491277891894407730e+03
-1.521639605553160209e+03 -1.974727171326216649e+03 -2.423195661116038991e+03 -4.894190846704693740e+02
-3.103415772945150366e+03 -3.085059392979144377e+03 -2.486999903944107700e+03 -3.121753386842680811e+03
-1.890104946891466625e+03 -2.011871174145012901e+03 -1.206589344139493960e+03 -1.080214116479313589e+03
-3.825780054980135674e+02 -5.134244909419046508e+02 -4.760000258610677406e+02 -1.495510130036431292e+03
-3.784953447116571965e+02 -4.040192059977702570e+02 -1.223512219270234709e+03 -2.168707004158772236e+02
-1.001787847419462196e+03 -1.714542262426605021e+03 -1.747102677183005881e+03 -1.965297010422623089e+03
-4.181843289807944188e+02 -4.137844429925518170e+02 -4.132124624687547225e+02 -2.655031546622940368e+02
-2.007594074436430446e+03 -1.823614905425800316e+03 -5.994739995805241506e+02 -1.819120650475141247e+03
-1.166733540612084653e+03 -1.322144284273155563e+03 -1.206243271634294388e+03 -3.133892572833699433e+02
-2.969403772529555681e+03 -3.049244895079636080e+03 -2.980146394689459612e+03 -3.005854902585186665e+03
-9.971920580998659034e+02 -9.442311511129712471e+02 -6.100755738225038840e+02 -4.687693149129310086e+02
-3.344538097419267615e+02 -4.813562383896821189e+02 -5.261134012120189709e+02 -2.313147502247589273e+03
-5.194501699128413748e+02 -6.367107163825940006e+02 -1.341248481574029256e+03 -4.181859090299794275e+02
-1.556928686108698912e+03 -1.113437556526188473e+03 -1.588896294843283385e+03 -1.810001794087955204e+03
-3.729972879326771817e+02 -3.271027467509640019e+02 -3.809018333016672386e+02 -3.837266238204518345e+02
-1.731020820742330670e+03 -1.768751775033679905e+03 -4.578284148016326753e+02 -2.014124808388176007e+03
-1.970955840088561899e+03 -1.919796656457501285e+03 -1.898239394327277296e+03 -7.737708469352319298e+02
-2.955566128712029240e+03 -3.055904478501217000e+03 -2.535181258393868120e+03 -3.006576066413897024e+03
-1.114896113591973972e+03 -9.524974471662287669e+02 -3.267063189144578246e+02 -9.296275473198120380e+02
-2.426513606522912028e+02 -4.563385986060939103e+02 -4.168543688153688436e+02 -2.622639358563388214e+03
-4.616604007657651323e+02 -5.160154369213676091e+02 -1.788427959521053253e+03 -2.638865567781516575e+02
-1.451116286502121511e+03 -7.634209854550567798e+02 -1.880493456934945925e+03 -1.488602858941394516e+03
-2.929542891404295233e+02 -2.270227207167535539e+02 -3.294774724703324296e+02 -3.053485087100453939e+02
-1.620443911143072000e+03 -1.597890517625934081e+03 -4.666606149418268501e+02 -1.606977265226284317e+03
-1.179929040044224621e+03 -1.318355042567417058e+03 -1.651859237875026565e+03 -4.063697490165268960e+02
-2.960414552712530167e+03 -2.997471435235544959e+03 -3.020102321948848839e+03 -2.583753519242614857e+03
-1.298579086655231322e+03 -1.304648004214851198e+03 -1.290761723974605502e+03 -4.492910914068308443e+02
-4.319433439481615551e+02 -4.442194628529882721e+02 -4.456634595621134736e+02 -2.308195110727254814e+03
-4.745386879861481475e+02 -3.282032017036217439e+02 -1.639153455139745574e+03 -4.793872908019882288e+02
-1.298575401042061003e+03 -8.384963796131089566e+02 -1.326644732481437813e+03 -1.337908348487365856e+03
-3.295238504356692033e+02 -2.980877130153385224e+02 -3.264758452090072751e+02 -3.281298269632604274e+02
-1.482129747074785200e+03 -1.148902615560518825e+03 -6.776594281984217787e+02 -1.283318107998968117e+03
-9.435410648655957857e+02 -1.171847350222035629e+03 -9.985401590496142035e+02 -4.159109392982808231e+02
-3.046867024324835711e+03 -3.000751184539719361e+03 -2.784404035838784694e+03 -3.020515804694147846e+03
-1.318700256456440002e+03 -1.323582000914441323e+03 -1.278483154362705591e+03 -1.093672699893972322e+03
