1.970415931912750125e+02 2.712092482901553581e+02 2.135225701221709755e+02 2.202436476016105473e+02
2.096778787629328349e+02 2.548035546014896511e+02 1.711084069304398554e+02 1.987908778073736471e+02
2.486793884979318818e+02 2.085153921444613161e+02 1.877082247179202170e+02 1.835551283486656757e+02
2.639989469301966665e+02 2.019946436233053930e+02 2.282441677530200934e+02 2.290630586936034092e+02
2.141315570032321034e+02 1.757975121505658649e+02 1.927586682461904388e+02 1.822015941948497755e+02
2.080854228524912344e+02 2.030776749414718267e+02 3.976047690884267922e+02 3.250364657865880531e+02
2.061875315313415342e+02 2.219476099536415745e+02 2.300821323111508150e+02 2.533724276931447434e+02
2.110883430197442578e+02 2.294283209763210607e+02 1.780576827760119158e+02 1.567900225309570885e+02
2.378772141629078192e+02 1.715789332666986695e+02 2.021434989157289692e+02 1.630426926916908883e+02
2.213838483120781859e+02 1.671746709960679595e+02 2.176195762936081337e+02 2.603670466011716371e+02
1.885956770623262457e+02 3.220408683485701999e+02 1.977591015181458260e+02 2.012019045999655020e+02
3.383243688333949422e+02 1.889665321412972219e+02 1.625485410417567778e+02 1.803408517648119584e+02
2.166221039779758257e+02 2.634113720964768390e+02 2.152062285510269817e+02 1.886857316073517552e+02
2.239474410834710341e+02 2.528171688892603015e+02 1.933132419886365483e+02 1.944234333752778525e+02
2.454796183944621646e+02 2.223494327648221827e+02 2.115396556629956422e+02 2.178018687701278964e+02
2.682973411425321615e+02 2.213952146910634156e+02 2.317928298212294749e+02 2.329415917929153181e+02
2.038882697804496331e+02 2.590140208706484373e+02 2.090841548313939597e+02 2.168084730061057712e+02
2.156513776561665168e+02 2.500923135205873109e+02 2.217152890485806438e+02 2.209413258959705217e+02
2.614906310468695096e+02 2.020000671087851742e+02 2.156718614448278402e+02 2.147780725075884334e+02
2.746983091883030283e+02 1.855457461956062843e+02 2.166020556295825088e+02 2.180202655637975226e+02
2.122162435763829080e+02 1.953767718276221501e+02 3.098666645739689898e+02 3.853583452700134444e+02
2.022458084349650846e+02 1.894881545639912304e+02 1.900848561668890113e+02 1.679192131024683192e+02
2.023252750747195989e+02 2.436042882426644383e+02 2.013693686259030642e+02 2.053407437969699458e+02
2.244905565257881790e+02 2.294903692266501025e+02 2.644038669697344517e+02 2.336447772959111546e+02
2.158706514717602829e+02 1.940424688679271981e+02 2.780589450636290394e+02 2.184388479007001820e+02
2.347056066477119600e+02 2.013183781511664847e+02 2.092632519798705459e+02 2.073223169147967724e+02
1.875229368539244774e+02 3.492903012801997988e+02 2.077117392738840636e+02 2.063115432730213286e+02
3.512141535399422878e+02 1.570928950804185718e+02 2.128556997603135983e+02 2.136479745541954003e+02
2.247808997031189620e+02 2.705967540035632624e+02 2.178411668531065288e+02 2.242768568544144046e+02
2.211128148064975960e+02 2.368598215880089128e+02 2.744823987641470353e+02 2.373340284173483212e+02
2.331849203109007362e+02 2.247750818734515121e+02 2.598761930066452237e+02 2.393154261003028296e+02
2.820488561273081132e+02 2.231777361594932643e+02 2.282963836595684484e+02 2.154256032104517260e+02
2.279245095782202668e+02 2.718339594865689151e+02 2.198143215487341990e+02 2.197787001318309876e+02
2.204847623033786590e+02 2.685874810599792681e+02 2.188154670941562756e+02 1.863884995975126060e+02
2.004631581921190957e+02 1.854878481100767544e+02 2.324145768376415049e+02 2.124112858704712039e+02
1.942549664792636861e+02 1.389565792777698050e+02 2.130301652390132574e+02 2.429778838306738749e+02
1.598117489381849907e+02 1.877130117056673839e+02 3.455320123383433497e+02 1.592749153352480107e+02
1.884205400816453562e+02 1.759606074940944893e+02 1.811019342254670050e+02 3.789003575376864319e+02
2.175701989698099510e+02 2.181056526045999249e+02 1.933628690682217837e+02 2.720583111901332813e+02
2.261766294169779314e+02 2.244790205248437758e+02 2.521367569715252728e+02 2.057763066817665560e+02
1.792454313870315730e+02 1.795883481979428211e+02 2.718083060657704664e+02 2.043002841977811670e+02
2.047405033044508968e+02 1.498920030108133972e+02 2.145072548537768853e+02 2.362662511345192229e+02
3.096042318380723373e+02 3.703919824398777223e+02 2.089811468745583625e+02 1.774831936988733787e+02
1.706804013675852332e+02 1.508953043088026789e+02 2.203707515421014875e+02 1.974932338526522244e+02
2.754635546927789846e+02 2.395658715557535743e+02 2.260426312264889930e+02 2.359717400842124277e+02
2.627565412665070994e+02 2.312533754331171565e+02 2.351236565233551801e+02 2.140860667652821121e+02
2.131792883355958850e+02 1.987998884885349469e+02 2.531724099159898458e+02 2.283593365035574436e+02
2.053074583043046744e+02 1.974644664576838409e+02 2.217293369730747372e+02 2.444450497753353204e+02
2.012569381428595250e+02 2.077377051893743669e+02 2.106480571954491836e+02 2.313939322746598179e+02
2.120012754204257135e+02 2.123416475523108318e+02 2.373543999648001943e+02 1.939493946868169871e+02
2.183981805857714278e+02 2.463149173227471067e+02 2.123263439685110257e+02 1.674219665293027788e+02
2.352161118110565212e+02 2.769802998421120037e+02 2.248461372096982132e+02 2.324622802549859557e+02
2.151005507912855421e+02 2.108406061148785113e+02 3.524481141991398090e+02 1.342733295033603440e+02
2.060124055267387178e+02 2.032843219709120319e+02 1.828507875936873859e+02 3.653211173914689880e+02
2.014754856592819863e+02 2.036570488801362444e+02 1.939688496722534694e+02 2.475466286507371478e+02
2.185083983926358542e+02 2.129310988846591215e+02 2.659441348437865145e+02 2.073893354893392029e+02
2.220036959529656428e+02 2.156963207256687838e+02 2.649058561706331716e+02 1.986293286644695684e+02
2.172267046816464813e+02 2.174221095993590041e+02 2.118021144021192299e+02 2.627941395219218634e+02
1.769932039914772304e+02 1.782320857135073027e+02 2.140782594112918673e+02 1.646268759902857823e+02
3.117655579795754193e+02 3.942108967269622894e+02 2.191541180663477917e+02 2.078550863625979161e+02
2.190767483400011599e+02 2.196353903343585046e+02 2.213694802126586296e+02 2.433648732411846822e+02
2.159775942423649440e+02 2.196719167421776433e+02 2.732614601533306313e+02 2.174579481476854426e+02
2.262977130300808426e+02 2.553000040224364398e+02 2.269502463700797250e+02 2.055288707098821135e+02
2.426388890800565434e+02 2.578650469215797898e+02 1.999639309508725660e+02 2.353618303418875257e+02
